1)

Valor óptimo: 98500

x = [300000 0 250000 250000 200000];

2)

Valor óptimo: 59

v = 59;
x = [[0 30 15 14 0 0 0 0 0 0]
     [0 0 7 0 7 0 16 0 0 0]
     [0 0 0 10 12 0 0 0 0 0]
     [0 0 0 0 0 16 0 0 8 0]
     [0 0 0 0 0 0 12 7 0 0]
     [0 0 0 0 0 0 0 5 11 0]
     [0 0 0 0 0 0 0 0 0 28]
     [0 0 0 0 0 0 0 0 0 12]
     [0 0 0 0 0 0 0 0 0 19]
     [0 0 0 0 0 0 0 0 0 0]];

3)
a)

Valor óptimo: 209800

x = [1 0 1 0 0 0 0];
y = [[0 0 1 0 0 0 0]
     [1 0 0 0 0 0 0]
     [0 0 1 0 0 0 0]
     [1 0 0 0 0 0 0]
     [1 0 0 0 0 0 0]
     [0 0 1 0 0 0 0]
     [0 0 1 0 0 0 0]
     [0 0 1 0 0 0 0]
     [1 0 0 0 0 0 0]
     [1 0 0 0 0 0 0]];

b)

Valor óptimo: 227500

x = [1 1 1 1 1 1 1];
y = [[0 0 0 1 0 0 0]
     [0 0 0 0 1 0 0]
     [0 1 0 0 0 0 0]
     [0 0 0 0 0 0 1]
     [1 0 0 0 0 0 0]
     [0 0 0 1 0 0 0]
     [0 0 1 0 0 0 0]
     [0 0 0 0 0 0 1]
     [0 0 0 0 1 0 0]
     [0 0 0 0 0 1 0]];

c)

Valor Óptimo: 209800

y = [1 0 1 0 0 0 0];
x = [[0 0 500 0 0 0 0]
     [700 0 0 0 0 0 0]
     [0 0 1500 0 0 0 0]
     [1000 0 0 0 0 0 0]
     [1800 0 0 0 0 0 0]
     [0 0 1200 0 0 0 0]
     [0 0 1500 0 0 0 0]
     [0 0 1000 0 0 0 0]
     [900 0 0 0 0 0 0]
     [1600 0 0 0 0 0 0]];

d)

Valor Óptimo: 225000

y = [1 0 0 0 0 0 0];